[{'dataset': 'extrasensory_dataset/00EABED2-271D-49D8-B599-1D4A09240601.features_labels.csv.gz', 'accuracy': 0.8711340206185567, 'model': SVC(C=200, gamma=100), 'support_vectors': array([[ 1.05536811,  0.88626498, -0.16520671, ...,  0.46684035,
         1.93611199, -0.01219353],
       [-2.90547781,  0.07231149,  2.5235452 , ...,  0.57052323,
        -0.40754444, -0.01777014],
       [-2.63803229,  0.82166549,  1.78574677, ...,  2.53563778,
         1.64810506,  0.50829048],
       ...,
       [-0.08440656, -0.01979487, -0.43990259, ..., -0.51004677,
        -0.42014474, -0.1571855 ],
       [-0.08440656,  0.00437784, -0.43990259, ..., -0.338322  ,
         0.3124729 , -0.13859678],
       [-0.24612637, -0.52325407, -0.4358179 , ..., -0.00621278,
        -0.80715406, -0.10327823]]), 'dual_coef': array([[ 2.00000000e+02,  7.22936702e-01,  1.19131311e+00, ...,
        -5.10061388e-02, -7.88243855e-01, -1.18532812e+00],
       [ 0.00000000e+00,  1.01955016e-01,  1.68943484e-01, ...,
        -0.00000000e+00, -9.36494661e-01, -1.41025986e+00],
       [ 4.10080228e-01,  4.94722284e-01,  8.14930381e-01, ...,
        -0.00000000e+00, -1.13458160e-01, -1.71797788e-01]])}, {'dataset': 'extrasensory_dataset/0A986513-7828-4D53-AA1F-E02D6DF9561B.features_labels.csv.gz', 'accuracy': 0.9020618556701031, 'model': SVC(C=200, gamma=100), 'support_vectors': array([[-1.34504211,  2.39060521,  1.71533329, ..., -0.09478935,
         2.11966401, -0.03303988],
       [-0.82628772,  2.53737806,  2.91567053, ..., -1.7602211 ,
         1.84519639, -1.53765432],
       [-1.34504211,  2.38892972,  1.84738793, ..., -0.93287759,
         1.94351315, -0.82714195],
       ...,
       [ 1.06844144, -1.7337789 , -0.27557694, ..., -0.03032103,
        -0.97321736, -0.15842442],
       [-0.10768532, -0.09280482, -0.36551449, ...,  0.80776721,
        -0.14162144,  0.76106218],
       [-0.09492907,  2.7474844 ,  3.55137545, ...,  0.30276532,
         1.6772386 ,  0.34311373]]), 'dual_coef': array([[ 1.91894531,  1.91894531,  1.91894531, ..., -0.07968859,
        -0.04251387, -0.07981407],
       [ 1.98267882,  1.98268029,  1.98270569, ..., -0.99487531,
        -0.37626481, -0.99551336],
       [ 1.84592382,  1.84546522,  1.84634712, ..., -1.66369286,
        -0.        , -1.66378367],
       [ 1.92005215,  1.92037334,  1.92019662, ..., -0.65881864,
        -0.25043928, -0.65916749]])}, {'dataset': 'extrasensory_dataset/0BFC35E2-4817-4865-BFA7-764742302A2D.features_labels.csv.gz', 'accuracy': 0.6858513189448441, 'model': SVC(C=200, gamma=100), 'support_vectors': array([[ 1.36888118e+00,  2.07048969e+00, -1.65806427e+00, ...,
         5.85542298e-02, -1.13091622e+00,  1.00853214e-01],
       [ 1.28780056e+00,  2.12058152e+00, -1.74574701e+00, ...,
        -1.20483230e-02, -1.05175904e+00,  1.71913094e-01],
       [ 1.23061739e+00,  2.15548594e+00, -1.80420217e+00, ...,
        -1.10638789e+00, -6.96828439e-01,  1.04831827e+00],
       ...,
       [ 1.17917725e-03, -1.64296698e+00,  3.54326540e-01, ...,
        -9.92337614e-01,  1.36891872e+00,  9.53571768e-01],
       [ 2.41007110e-01, -1.64616433e+00,  5.33525150e-01, ...,
        -2.48295327e-01,  8.07158061e-01,  3.61406106e-01],
       [-8.31817485e-01,  1.32895022e-01,  3.81158417e-01, ...,
         1.45449679e-01,  2.17070440e+00, -6.49531711e-02]]), 'dual_coef': array([[ 1.7901649 ,  1.57373375,  1.79014504, ..., -0.23497507,
        -0.23501037, -0.22560665],
       [ 1.89789863,  1.66833204,  1.89796195, ..., -1.06395592,
        -1.0639559 , -1.02142713],
       [ 1.76520594,  1.55103107,  1.76466169, ..., -1.43259717,
        -1.43253247, -1.37541243]])}, {'dataset': 'extrasensory_dataset/0E6184E1-90C0-48EE-B25A-F1ECB7B9714E.features_labels.csv.gz', 'accuracy': 0.7405764966740577, 'model': SVC(C=200, gamma=100), 'support_vectors': array([[ 0.32267855,  2.06993845,  1.03971364, ...,  0.19179097,
        -0.93857776, -0.92990408],
       [ 0.61289738, -2.00081576, -0.69873577, ...,  1.04500732,
         0.77604389, -0.50462576],
       [ 1.65046934,  1.31973607, -0.09192564, ...,  0.31604578,
        -0.70758971, -0.86789197],
       ...,
       [-0.16974193, -0.08791401,  1.19940052, ...,  0.82825171,
         1.28581062, -0.77762582],
       [-0.33110677, -0.03173865, -1.06287215, ...,  0.63524258,
         0.17653697,  0.80716888],
       [-0.21969763,  0.13286823, -1.06236919, ...,  0.87298344,
         0.54293181,  0.62296723]]), 'dual_coef': array([[ 1.19334966,  1.19293505,  1.19335147, ..., -0.74973355,
        -1.44096707, -1.44096316],
       [ 0.1368989 ,  0.13672942,  0.13689893, ..., -0.83062638,
        -1.60220786, -1.60225217],
       [ 0.55874057,  0.5592361 ,  0.55874061, ..., -0.1610435 ,
        -0.3093091 , -0.3087949 ]])}, {'dataset': 'extrasensory_dataset/11B5EC4D-4133-4289-B475-4E737182A406.features_labels.csv.gz', 'accuracy': 0.9382470119521913, 'model': SVC(C=200, gamma=100), 'support_vectors': array([[-1.59098983e+00, -1.84250834e+00, -4.47037086e-01, ...,
        -1.05047356e+00, -1.70658994e-01,  3.24301841e-01],
       [-6.14960903e+00,  8.14650450e-01,  2.00731461e-01, ...,
        -9.62151708e-01, -6.17977179e-02,  3.47845829e-01],
       [-1.27214314e+00, -2.30987155e+00, -4.58893564e-01, ...,
         8.64157387e-01,  1.39212837e+00, -1.37883404e+00],
       ...,
       [ 2.86200523e+00, -3.50761623e+00, -2.00942875e-01, ...,
         1.39621163e+00,  1.06345105e+00, -1.59724981e+00],
       [ 1.56292709e+00,  4.97910617e+00,  3.57179132e-01, ...,
         8.96194106e-04,  1.15625228e-01, -1.16693815e+00],
       [-1.03424206e+00, -7.90435319e-01,  2.08504389e+00, ...,
         1.10619324e+00, -8.20686424e-01,  1.51671429e+00]]), 'dual_coef': array([[ 1.58844406,  1.58829906,  1.58815891, ..., -1.08798965,
        -1.08867343, -0.        ],
       [ 0.25633375,  0.25633375,  0.25624243, ..., -1.64841319,
        -1.64841773, -0.        ],
       [ 0.91156012,  0.91134632,  0.9119345 , ..., -0.2956562 ,
        -0.29555195, -0.01321637]])}, {'dataset': 'extrasensory_dataset/1DBB0F6F-1F81-4A50-9DF4-CD62ACFA4842.features_labels.csv.gz', 'accuracy': 0.5902021772939346, 'model': SVC(C=200, gamma=100), 'support_vectors': array([[-1.88979274,  1.66082918,  0.0518009 , ...,  0.42018257,
         0.20000495, -0.3420549 ],
       [-2.07995845,  1.65274792, -0.13702931, ...,  0.59945926,
        -0.09926581, -0.36020404],
       [ 0.34249336,  2.67906773, -1.91191631, ..., -1.77723755,
         0.42018272,  0.27666576],
       ...,
       [-0.59680999,  0.82768993,  0.54404558, ..., -0.00880096,
        -0.04083676, -0.3041067 ],
       [ 0.1977081 , -0.5657499 ,  0.56158399, ..., -0.46595655,
         0.03398093, -0.23151014],
       [ 0.1977081 , -0.5657499 ,  0.56158399, ..., -0.4672371 ,
         0.02828054, -0.23151014]]), 'dual_coef': array([[ 1.90450681,  1.90465303,  1.90479777, ..., -0.09375   ,
        -0.06247479, -0.0434645 ],
       [ 1.97096432,  1.9710405 ,  1.97095835, ..., -0.99040392,
        -0.66384501, -0.44973851],
       [ 1.89560064,  1.89503092,  1.89547367, ..., -1.54129779,
        -1.09273034, -0.72420542],
       [ 1.90577095,  1.90629144,  1.90577102, ..., -0.94275655,
        -0.63153259, -0.42808155]])}, {'dataset': 'extrasensory_dataset/24E40C4C-A349-4F9F-93AB-01D00FB994AF.features_labels.csv.gz', 'accuracy': 0.6042345276872965, 'model': SVC(C=200, gamma=100), 'support_vectors': array([[ 0.27328142, -1.97140116,  1.97779303, ...,  0.65660072,
        -1.51389214,  0.50614724],
       [ 0.36930557,  1.20182705, -0.59906384, ...,  0.61517973,
        -0.71733092,  0.46077706],
       [ 1.12069451,  1.48260335,  0.28033714, ...,  1.08036926,
        -0.15459896,  0.98253415],
       ...,
       [-1.75362826,  1.33385489,  1.27600663, ...,  0.05121708,
        -0.52204494, -0.08366513],
       [-1.26710592,  1.47695742,  0.5295757 , ..., -0.04755603,
        -0.46037568, -0.1517204 ],
       [ 0.14684963,  0.03268583, -0.61512303, ...,  0.35072267,
        -1.12588974,  0.18855596]]), 'dual_coef': array([[ 1.51590534,  1.51590901,  1.5155838 , ..., -0.63672941,
        -0.63670792, -0.63673425],
       [ 0.0078125 ,  0.0078125 ,  0.0078125 , ..., -1.18858028,
        -1.18831237, -1.18843971],
       [ 1.36329082,  1.36314954,  1.36314748, ..., -0.00292969,
        -0.00292969, -0.00292969]])}, {'dataset': 'extrasensory_dataset/27E04243-B138-4F40-A164-F40B60165CF3.features_labels.csv.gz', 'accuracy': 0.9133448873483535, 'model': SVC(C=200, gamma=100), 'support_vectors': array([[-0.24279141, -0.42527567,  0.5597215 , ..., -1.72203601,
        -0.63250999, -1.65465054],
       [ 0.33399716,  1.0594319 ,  0.54674924, ..., -0.0514654 ,
        -0.42842477,  0.41776247],
       [-0.32187686, -0.17841924,  0.5594395 , ...,  1.34754786,
         3.11319462, -0.62659703],
       ...,
       [-0.7547656 , -0.35508517,  0.5495693 , ...,  0.16631822,
        -0.05323297, -0.70424457],
       [-0.047159  ,  3.51669432, -1.97184393, ..., -0.07207866,
        -0.36772495,  0.78581184],
       [ 0.27037203,  0.26354299,  0.55097932, ...,  1.34441106,
         1.49963092, -0.66736199]]), 'dual_coef': array([[  0.        ,   1.50592482,   1.50589738, ...,  -0.48026042,
         -0.95070189,  -0.95037569],
       [  0.        ,   1.10791122,   1.1080983 , ...,  -0.        ,
         -1.48942697,  -1.48981588],
       [118.73466884,   1.04933277,   1.04955253, ...,  -0.        ,
         -1.07859284,  -1.07833527]])}, {'dataset': 'extrasensory_dataset/2C32C23E-E30C-498A-8DD2-0EFB9150A02E.features_labels.csv.gz', 'accuracy': 0.8197358197358198, 'model': SVC(C=200, gamma=100), 'support_vectors': array([[ 5.20075767, -0.13480783,  0.5571437 , ...,  0.5675787 ,
         0.86404644,  0.29212083],
       [ 1.65460317,  0.84850182, -0.4574948 , ...,  0.52681411,
         0.69224636, -0.45673599],
       [ 2.74572763, -1.14078842, -0.13682532, ...,  0.83336384,
         1.0603894 , -0.04568258],
       ...,
       [ 0.60067614,  2.39587794, -0.39221052, ...,  2.07912975,
         0.48363197, -1.99285253],
       [ 0.57339803,  2.26222091, -0.47733892, ...,  1.77584119,
         0.79859879, -1.69274087],
       [ 3.21193536,  0.79165528,  1.44265162, ...,  0.8268415 ,
         0.94858299, -0.47167045]]), 'dual_coef': array([[ 1.51450379,  1.51454741,  1.51453216, ..., -1.31000274,
        -0.84760668, -1.31000274],
       [ 0.93698958,  0.9371558 ,  0.93777342, ..., -1.72682094,
        -1.11702284, -1.72692104],
       [ 0.68946824,  0.68944144,  0.68943203, ..., -1.25276617,
        -0.80969264, -1.25279862]])}, {'dataset': 'extrasensory_dataset/4E98F91F-4654-42EF-B908-A3389443F2E7.features_labels.csv.gz', 'accuracy': 0.7199170124481328, 'model': SVC(C=200, gamma=100), 'support_vectors': array([[-0.43340757,  1.55214558, -1.25201471, ...,  1.18592068,
        -1.33863852,  0.85219507],
       [ 0.12657952,  0.3398968 ,  1.06055785, ..., -0.46753262,
        -0.37319105,  0.06175932],
       [-0.3805603 ,  1.54192583, -1.27560704, ...,  1.46928369,
        -1.10171889,  1.06428778],
       ...,
       [ 3.64601353,  0.06266272,  0.12420451, ...,  0.38783178,
         1.45479191, -2.42239538],
       [-0.25498744,  1.64059292, -1.28792748, ...,  0.86336917,
        -0.75448357,  0.86428587],
       [-0.21959431,  0.05987551,  1.0686841 , ..., -1.33420139,
         0.48934445, -0.12514423]]), 'dual_coef': array([[ 1.94570199,  1.94572057,  1.94567818, ..., -0.01751493,
        -0.05558771, -0.0312503 ],
       [ 1.88263919,  1.88270132,  1.88271799, ..., -0.31521229,
        -1.01238849, -1.24801219],
       [ 1.9445154 ,  1.94455438,  1.9445154 , ..., -0.19533881,
        -0.62729868, -0.29870596]])}, {'dataset': 'extrasensory_dataset/4FC32141-E888-4BFF-8804-12559A491D8C.features_labels.csv.gz', 'accuracy': 0.7662007623888183, 'model': SVC(C=200, gamma=100), 'support_vectors': array([[ 2.64131742, -1.57380042,  0.30930993, ...,  0.63388878,
         0.92248046, -0.70308444],
       [ 3.15855347, -1.21091734,  0.41346072, ...,  0.68386692,
         0.92248046, -0.5014937 ],
       [-4.38495022, -0.13264677,  0.72163824, ...,  0.41428784,
         0.61777086, -0.22800697],
       ...,
       [ 3.5427532 ,  0.33365243,  1.92869925, ...,  1.62739369,
         0.64525447,  1.80340738],
       [ 1.89929584,  1.59873921,  0.74884181, ...,  0.20377385,
        -0.769554  ,  1.54683735],
       [-0.13180184,  2.90793537,  3.01567596, ...,  1.61376328,
         1.50561098,  0.37112634]]), 'dual_coef': array([[ 1.919037  ,  1.91897939,  1.9189835 , ..., -0.03639193,
        -0.03704717, -0.03704717],
       [ 1.97023517,  1.96954227,  1.9700042 , ..., -0.60685159,
        -0.60696693, -0.60680995],
       [ 1.63432981,  1.63428362,  1.63428241, ..., -1.10239336,
        -1.1023336 , -1.10190541],
       [ 1.96382351,  1.96381461,  1.9633716 , ..., -0.14929084,
        -0.1492759 , -0.14926176]])}, {'dataset': 'extrasensory_dataset/5EF64122-B513-46AE-BCF1-E62AAC285D2C.features_labels.csv.gz', 'accuracy': 0.8771653543307086, 'model': SVC(C=200, gamma=100), 'support_vectors': array([[ 5.43323963e-01, -4.44354172e-01, -1.57390955e-01, ...,
        -4.06579418e-01,  5.48262934e-01, -2.89590487e-01],
       [-1.78410442e+00,  5.27311268e+00,  6.08786713e+00, ...,
        -2.75238437e-02, -6.98246281e-02, -2.93357682e-01],
       [ 2.51051119e+00, -7.74426467e-01,  1.13793514e-01, ...,
         2.18160325e-01,  4.99601344e-01, -2.61336525e-01],
       ...,
       [ 1.11798446e-03,  1.55655788e-01, -1.73421564e-01, ...,
         1.16579926e+00, -1.85237550e+00,  9.84305955e-02],
       [-4.31663205e-01,  8.01534211e-02, -1.69413912e-01, ...,
        -5.88449516e-01,  1.25086799e+00, -2.59452928e-01],
       [-3.89860476e-01,  4.32275079e-01, -1.70749796e-01, ...,
         4.07049971e-01,  4.74843693e-01, -2.19897380e-01]]), 'dual_coef': array([[   1.74801222,    1.74809497,    1.74811614, ...,   -0.        ,
          -0.62191969,   -0.31521613],
       [   0.85470884,    0.85491645,    0.85468234, ..., -199.20250759,
          -1.51870201,   -0.77652293],
       [   1.37782505,    1.37785245,    1.37785344, ...,   -0.        ,
          -0.50373106,   -0.24628081]])}, {'dataset': 'extrasensory_dataset/7D9BB102-A612-4E2A-8E22-3159752F55D8.features_labels.csv.gz', 'accuracy': 0.9051094890510949, 'model': SVC(C=200, gamma=100), 'support_vectors': array([[-1.0394909 ,  3.22981858,  3.26430528, ..., -1.06957272,
         1.80121778, -0.77896897],
       [ 1.5611254 ,  2.82028161,  0.49002135, ..., -1.51858445,
         2.07868352, -1.11445821],
       [ 3.08953935,  0.04055452, -0.11346645, ..., -0.66666487,
         0.45431458, -0.73975594],
       ...,
       [-0.78615682, -0.11927471, -0.3200325 , ...,  0.40474929,
        -0.29906921,  0.17085771],
       [-0.00618216, -0.05339091, -0.32466403, ...,  0.59116935,
        -0.21086818,  0.46277693],
       [ 0.24399839, -0.76021837, -0.32095881, ..., -0.83303975,
        -0.02527852, -0.96486777]]), 'dual_coef': array([[ 1.66824344e+00,  1.66877913e+00,  1.66881379e+00,
         1.66869335e+00,  1.66844521e+00,  1.66888236e+00,
         1.66888590e+00,  1.66887398e+00,  1.66873898e+00,
         0.00000000e+00,  9.15131155e+01,  1.66850196e+00,
         1.66868137e+00,  1.66873898e+00,  1.66888211e+00,
         1.66845203e+00,  1.66844214e+00,  1.66844661e+00,
         1.66847895e+00,  1.66848943e+00,  1.66874845e+00,
         1.66844661e+00,  1.66874113e+00,  1.66844876e+00,
         1.66875605e+00,  1.66869807e+00,  1.66888211e+00,
         1.66841585e+00,  1.66844524e+00,  1.66850196e+00,
         1.66875605e+00,  1.66842289e+00,  1.66888026e+00,
         1.66874756e+00,  1.66874684e+00,  1.66880980e+00,
         1.22140071e+01,  1.66888236e+00,  1.66845738e+00,
         1.66855813e+00,  1.66878788e+00,  1.75618072e+00,
         1.66875800e+00,  1.66851560e+00,  1.66848692e+00,
         1.66848290e+00,  1.66845908e+00,  1.66879493e+00,
         1.66874607e+00, -1.08380798e-01, -3.31107900e-01,
        -3.31113315e-01, -3.31551236e-01, -2.13673765e-01,
        -3.31554757e-01, -1.46306289e-01, -1.29953836e-01,
        -2.44530262e-01, -3.31271047e-01, -4.51637538e-02,
        -1.64621950e-01, -3.31249935e-01, -3.31266829e-01,
        -3.31345780e-01, -3.31115258e-01, -3.31188467e-01,
        -2.01462755e-01, -3.31492752e-01, -3.31457990e-01,
        -3.31115979e-01, -2.24453989e-01, -8.00997228e-02,
        -3.66638355e-02, -1.67240784e-01, -3.31064829e-01,
        -3.31114101e-01, -5.79090958e-02, -3.31219808e-01,
        -3.31172446e-01, -1.05528572e-03, -0.00000000e+00,
        -3.31241999e-01, -3.31536093e-01, -3.31287790e-01,
        -1.80501223e-01, -3.00514651e-01, -3.31301926e-01,
        -3.31324704e-01, -1.65550763e-01, -3.31219808e-01,
        -1.65119409e-01, -2.67349353e-01, -1.79454200e-01,
        -9.42670235e-02, -3.31571945e-01, -3.31511050e-01,
        -3.31532333e-01, -3.30826096e-01, -2.89088915e-01,
        -1.84041167e-02, -0.00000000e+00, -3.31172465e-01,
        -3.31069605e-01, -3.31115980e-01, -3.31345898e-01,
        -3.31418292e-01, -3.56105806e-02, -3.31460687e-01,
        -3.31241999e-01, -1.62982242e-01, -2.18474854e-01,
        -3.31511050e-01, -0.00000000e+00, -3.31190205e-01,
        -3.31188467e-01, -3.31557807e-01, -3.31345780e-01,
        -1.83888467e-01, -2.19713852e-01, -3.31183540e-01,
        -3.31122903e-01, -3.31125363e-01, -3.31457990e-01,
        -3.31271102e-01, -3.31069084e-01, -3.31514596e-01,
        -1.81126369e-01, -2.29153106e-01, -3.23599451e-01,
        -3.31097061e-01, -3.31291531e-01, -2.50000000e-01,
        -3.31069084e-01, -3.31470242e-01, -2.47355764e-02,
        -3.31217469e-01, -3.51785277e-02, -3.31557807e-01,
        -3.31119741e-01, -3.31521047e-01, -3.31205073e-01,
        -3.30139462e-01, -1.78049383e-01, -3.31462545e-01,
        -1.85417754e-01, -3.43541057e+01, -3.31492146e-01,
        -3.31286830e-01, -3.31258872e-01, -1.11570364e+01,
        -3.30871229e-01, -3.31532333e-01, -3.31271047e-01,
        -2.12968227e-01, -3.31875056e-01, -3.31117644e-01,
        -1.87006402e-01, -2.97385484e-01, -3.31538693e-01,
        -3.31542617e-01, -3.31261016e-01, -1.67150914e-01,
        -3.31282524e-01, -1.23407340e-01, -1.02049591e-01,
        -3.31271047e-01, -0.00000000e+00, -3.31552064e-01,
        -1.61515380e-01, -3.31241999e-01, -3.31138142e-01,
        -3.12787546e-02, -1.36336910e-01, -3.31115258e-01,
        -9.09723606e-02, -3.31282873e-01, -1.88595456e-01,
        -1.10626073e-01, -9.20288633e-03, -3.31205073e-01,
        -5.61345074e-02, -1.71066162e-01, -0.00000000e+00,
        -3.31115980e-01, -3.31217469e-01, -3.31212121e-01,
        -3.31196062e-01, -3.31556249e-01, -0.00000000e+00,
        -2.11249888e-01, -3.31347044e-01, -3.31332278e-01,
        -3.31206730e-01, -3.32055716e-01, -1.15668283e-01,
        -3.31536100e-01, -3.31271047e-01, -3.31875056e-01,
        -1.91753256e-01, -3.31517095e-01, -3.31318626e-01,
        -3.31105341e-01, -3.31555481e-01, -3.31532333e-01,
        -3.31536100e-01, -3.31261016e-01, -3.31228580e-01,
        -3.31252442e-01, -1.15442833e-01, -3.19230455e-01,
        -3.31188467e-01, -1.85210487e-01, -3.31122903e-01,
        -1.79464898e-01, -3.31097084e-01, -3.31111919e-01,
        -2.29161269e-01, -3.31271102e-01, -3.31347044e-01,
        -1.52357717e+01, -3.31532333e-01, -3.31341953e-01,
        -3.31220302e-01, -3.31470265e-01, -3.32016605e-01,
        -1.79710581e-01, -3.31286525e-01, -1.70026556e-01,
        -3.31260214e-01, -1.72116966e-01, -3.31217469e-01,
        -3.31553392e-01, -4.93207312e-02, -2.20277607e-01,
        -3.01841309e-01, -4.10615039e-02, -3.31287790e-01,
        -3.31188467e-01, -3.31240893e-01, -3.31505578e-01,
        -1.95861524e-02, -2.88461890e-01, -1.45183631e-01,
        -3.31554785e-01, -1.17534355e-01, -1.82868926e-01,
        -0.00000000e+00, -3.31536100e-01, -2.89359674e-01,
        -0.00000000e+00, -3.31244454e-01, -1.24027487e-01,
        -3.31128013e-01, -3.31206730e-01, -3.31138142e-01,
        -6.02007982e-02, -1.96861227e-01, -1.74472761e-01,
        -1.43067510e-01, -3.17620588e-01, -3.31506887e-01,
        -3.31499010e-01, -3.31567208e-01, -2.63930051e-01,
        -3.31511050e-01, -3.31538693e-01, -1.79668797e-01,
        -3.31249363e-01, -3.31253157e-01, -3.31190205e-01,
        -1.67975941e-01, -3.31111449e-01, -3.31250464e-01,
        -3.31552084e-01, -3.31815661e-01, -4.67515936e+01,
        -2.36842638e-01, -3.31497984e-01, -3.31183540e-01,
        -3.31186215e-01, -3.31205073e-01, -3.31269627e-01,
        -1.87188142e-01, -3.31376866e-01, -3.31532794e-01,
        -1.85675602e-02, -3.31426861e-01, -1.28650415e+00,
        -2.29511244e-01, -1.33319373e-01, -3.31509431e-01,
        -0.00000000e+00, -3.31513077e-01, -3.12298836e-01,
        -2.19248896e-01, -3.31217469e-01, -3.31782033e-01,
        -3.31154998e-01, -3.31562330e-01, -3.31286830e-01,
        -3.31249817e-01, -3.31506641e-01, -3.31115861e-01,
        -3.31567208e-01, -2.32771710e-01, -3.31511050e-01,
        -3.31499010e-01, -1.87188142e-01, -2.46573033e-01,
        -3.31260214e-01, -3.31220865e-01, -1.93699888e-01,
        -3.31196062e-01, -5.69173449e-02, -3.31117644e-01,
        -3.31399885e-01, -3.31504912e-01, -1.48869916e-01,
        -3.31715217e-01, -3.31573418e-01, -1.13505912e-01,
        -1.50272655e-01, -3.31504005e-01, -9.16872119e-01,
        -3.31228580e-01, -3.31190205e-01, -0.00000000e+00,
        -9.49272290e-02, -1.95898437e+00],
       [ 4.10122855e-02,  4.10156806e-02,  4.10156806e-02,
         4.10117022e-02,  4.10156250e-02,  4.10156806e-02,
         4.10156252e-02,  4.10156251e-02,  4.10156250e-02,
         1.60912545e-02,  2.54011710e-02,  4.10156250e-02,
         4.10156250e-02,  4.10156250e-02,  4.10156250e-02,
         4.10156246e-02,  4.10156250e-02,  4.10156250e-02,
         4.10156250e-02,  4.10156250e-02,  4.14955285e-02,
         4.10156250e-02,  4.14955285e-02,  4.10156250e-02,
         4.14955285e-02,  4.10122855e-02,  4.10156806e-02,
         4.10156806e-02,  4.10156251e-02,  4.10156250e-02,
         4.10156250e-02,  4.08986312e-02,  4.10156250e-02,
         4.16572879e-02,  4.16572879e-02,  4.10156806e-02,
         3.45131407e-02,  4.10156250e-02,  4.10156250e-02,
         4.10156250e-02,  4.10156250e-02,  3.47963208e-02,
         4.10156250e-02,  4.08992140e-02,  4.10156250e-02,
         4.10156250e-02,  4.10156250e-02,  4.10156250e-02,
         4.10156250e-02,  0.00000000e+00,  9.18355872e-03,
         9.19195283e-03,  9.21989721e-03,  6.01125803e-03,
         9.24168634e-03,  3.98514162e-03,  9.53797077e-04,
         5.98533252e-03,  9.32144625e-03,  0.00000000e+00,
         0.00000000e+00,  9.32145806e-03,  9.37638084e-03,
         9.39251148e-03,  9.44704789e-03,  9.45267217e-03,
         6.55743426e-03,  8.92316369e-03,  9.46430740e-03,
         9.47892797e-03,  5.93579713e-03,  9.60351456e-04,
         0.00000000e+00,  3.93537339e-03,  9.54484755e-03,
         9.54826559e-03,  4.12897205e-03,  9.55305826e-03,
         8.83953081e-03,  4.72627192e-03,  5.46147758e-03,
         9.56997758e-03,  8.88086336e-03,  9.57832386e-03,
         6.80378893e-03,  8.29128638e-03,  9.58165271e-03,
         9.58946715e-03,  4.52756555e-03,  9.58950375e-03,
         5.34085934e-03,  7.39247874e-03,  4.25849250e-03,
         3.10705633e-03,  9.61202210e-03,  9.61314177e-03,
         9.63104016e-03,  8.78233015e-03,  7.93367708e-03,
         0.00000000e+00,  7.80962451e-03,  9.63966748e-03,
         9.66461545e-03,  9.67906520e-03,  9.69300375e-03,
         9.71545936e-03,  0.00000000e+00,  9.71913970e-03,
         9.14537001e-03,  1.80302420e-03,  6.89673203e-03,
         9.72156319e-03,  2.74240156e-03,  9.72617919e-03,
         9.74974343e-03,  9.75106331e-03,  9.06801906e-03,
         3.90743290e-03,  5.84604479e-03,  9.75438862e-03,
         9.75570385e-03,  9.75693846e-03,  9.76178879e-03,
         9.25971370e-03,  9.21373863e-03,  9.09519334e-03,
         4.53215566e-03,  6.06622207e-03,  8.65299918e-03,
         8.83238156e-03,  9.22014982e-03,  7.81250000e-03,
         9.13881965e-03,  8.80612430e-03,  0.00000000e+00,
         9.15967609e-03,  0.00000000e+00,  9.14745589e-03,
         9.13897169e-03,  8.98801121e-03,  9.06149180e-03,
         8.77078473e-03,  0.00000000e+00,  9.11364564e-03,
         5.23313400e-03,  6.10698622e-03,  9.10615761e-03,
         9.07849425e-03,  9.07419097e-03,  5.52622343e-03,
         8.78233272e-03,  9.07419097e-03,  9.04635751e-03,
         5.42126081e-03,  9.25821475e-03,  9.75570385e-03,
         4.86004855e-03,  8.53176749e-03,  9.75438862e-03,
         9.75106331e-03,  9.72617919e-03,  8.33903668e-04,
         9.72156319e-03,  3.92609229e-03,  7.75986170e-03,
         9.67906520e-03,  2.10454094e-04,  9.63104016e-03,
         0.00000000e+00,  9.61202210e-03,  9.58950375e-03,
         0.00000000e+00,  5.05022303e-03,  9.58946715e-03,
         5.05319845e-04,  9.57832386e-03,  4.96777417e-03,
         0.00000000e+00,  9.72394303e-04,  9.56997758e-03,
         6.18169106e-04,  4.07936960e-03,  4.82732061e-03,
         9.54826559e-03,  9.46430740e-03,  9.45267217e-03,
         9.44704789e-03,  9.32145806e-03,  3.72921500e-03,
         6.60155900e-03,  9.32144625e-03,  9.21989721e-03,
         9.19195283e-03,  9.14537001e-03,  0.00000000e+00,
         9.01732349e-03,  8.98801121e-03,  8.95563828e-03,
         5.05359434e-03,  8.84879688e-03,  9.68920287e-03,
         9.55877793e-03,  9.55233197e-03,  9.02344100e-03,
         8.94415549e-03,  8.82121107e-03,  9.24689220e-03,
         9.11364564e-03,  5.61179914e-04,  8.56108029e-03,
         9.07419097e-03,  4.50888520e-03,  8.94800055e-03,
         5.90950096e-03,  8.90395623e-03,  8.87940301e-03,
         6.45655993e-03,  8.85642190e-03,  8.85289465e-03,
         0.00000000e+00,  8.84949941e-03,  8.77357281e-03,
         8.84445498e-03,  8.82407836e-03,  8.81940435e-03,
         0.00000000e+00,  8.81860698e-03,  7.86513830e-03,
         8.80680941e-03,  4.36051155e-03,  8.79874922e-03,
         8.79640347e-03,  6.39370369e-03,  9.67273927e-04,
         8.07534143e-03,  0.00000000e+00,  8.79082522e-03,
         8.79310931e-03,  8.79252699e-03,  8.79229753e-03,
         5.51777804e-04,  8.04009908e-03,  7.69162619e-03,
         8.79202322e-03,  5.86805960e-03,  0.00000000e+00,
         5.14268469e-04,  8.79207943e-03,  7.81253969e-03,
         5.90586169e-03,  8.80475967e-03,  3.70104784e-03,
         8.82347068e-03,  8.83847044e-03,  8.84879688e-03,
         0.00000000e+00,  6.04163643e-03,  5.14675998e-03,
         3.92872277e-03,  8.47992138e-03,  8.93990150e-03,
         8.94669942e-03,  9.01732349e-03,  7.81250000e-03,
         9.16844538e-03,  8.97970043e-03,  4.28085227e-03,
         8.94800055e-03,  8.94726429e-03,  8.91728578e-03,
         5.32550879e-03,  8.93172133e-03,  8.90395623e-03,
         8.88232592e-03,  8.87940301e-03,  0.00000000e+00,
         7.81166369e-03,  8.86841617e-03,  8.85642190e-03,
         8.85509410e-03,  8.85289465e-03,  8.84949941e-03,
         5.96038455e-03,  8.84445498e-03,  8.80896025e-03,
         4.82292504e-03,  8.82407836e-03,  5.96936749e-03,
         7.16333373e-03,  4.87642307e-03,  8.81940435e-03,
         6.14607203e-03,  8.95563828e-03,  1.48874197e-03,
         6.01185823e-03,  8.81860698e-03,  8.81182792e-03,
         8.78411602e-03,  8.79252699e-03,  8.79202322e-03,
         8.79677288e-03,  8.79207943e-03,  8.79545229e-03,
         8.79677566e-03,  6.68084451e-03,  8.80612493e-03,
         8.80896074e-03,  4.79458389e-03,  6.55669326e-03,
         8.83238211e-03,  8.92316384e-03,  5.73990645e-03,
         8.80733900e-03,  7.85924573e-04,  8.80680941e-03,
         8.80527354e-03,  8.79874922e-03,  5.32623347e-03,
         8.79835107e-03,  8.79579191e-03,  4.21345579e-03,
         4.73019815e-03,  8.79416216e-03,  6.23248852e-03,
         8.79400368e-03,  8.79226941e-03,  5.87525657e-03,
         0.00000000e+00, -1.99120917e+00]])}, {'dataset': 'extrasensory_dataset/9DC38D04-E82E-4F29-AB52-B476535226F2.features_labels.csv.gz', 'accuracy': 0.7830351990767456, 'model': SVC(C=200, gamma=100), 'support_vectors': array([[-0.95585651, -1.12221583,  2.05544347, ...,  0.71053243,
        -0.02919232,  1.21283341],
       [-0.81385364, -1.06491946,  2.08334756, ...,  0.68746971,
         0.04299302,  1.13065315],
       [-0.89776443, -1.09372769,  2.06801564, ...,  0.68275233,
         0.02524252,  1.12172051],
       ...,
       [ 0.07873577,  2.50826131,  2.15050135, ...,  0.52550654,
         0.38498582,  0.65365034],
       [ 0.25854459, -0.5886234 , -0.60709716, ...,  0.11981238,
        -0.91790027, -0.04309533],
       [-4.03658091, -0.1734648 ,  0.7525372 , ...,  0.23565012,
         0.42995373, -0.03952228]]), 'dual_coef': array([[ 1.98906774e+00,  2.00000000e+02,  0.00000000e+00, ...,
        -6.83977906e-03, -6.84000373e-03, -6.84000373e-03],
       [ 1.99609374e+00,  0.00000000e+00,  1.41886648e+00, ...,
        -5.28334042e-01, -5.28319231e-01, -5.28283967e-01],
       [ 1.93271873e+00,  0.00000000e+00,  1.37438299e+00, ...,
        -1.27772970e+00, -1.27788743e+00, -1.27771662e+00],
       [ 1.99316116e+00,  0.00000000e+00,  1.41672084e+00, ...,
        -1.60401437e-01, -1.60232880e-01, -1.59981968e-01]])}]