[{'dataset': 'extrasensory_dataset/00EABED2-271D-49D8-B599-1D4A09240601.features_labels.csv.gz', 'accuracy': 0.8865979381443299, 'model': SVC(C=200, gamma=100), 'support_vectors': array([[-2.41663409,  1.03659878,  1.58628563, ...,  2.65678215,
         1.84180538,  0.42999534],
       [ 2.91881112,  0.09095394,  1.59289487, ...,  0.82426631,
         1.56206939,  0.00996699],
       [ 1.44248822, -0.424736  ,  0.02192919, ...,  0.57019132,
        -0.58440152, -0.04437234],
       ...,
       [ 2.69950228,  0.43560032,  1.58679403, ...,  0.39710274,
         0.12133763, -0.06346454],
       [ 2.12109752,  0.50086133,  3.01286482, ..., -0.04911645,
         0.58756428, -0.11339798],
       [ 0.64798402, -0.51814882, -0.34513787, ..., -0.04435255,
        -0.98846462, -0.11633524]]), 'dual_coef': array([[ 1.16100632,  1.16083237,  1.16088751, ..., -1.25103618,
        -1.2510728 , -1.2510861 ],
       [ 0.2041596 ,  0.20416145,  0.20422819, ..., -1.43682761,
        -1.4368206 , -1.43637042],
       [ 0.74908873,  0.74908873,  0.74908736, ..., -0.2566829 ,
        -0.25664186, -0.25664303]])}, {'dataset': 'extrasensory_dataset/0A986513-7828-4D53-AA1F-E02D6DF9561B.features_labels.csv.gz', 'accuracy': 0.8969072164948454, 'model': SVC(C=200, gamma=100), 'support_vectors': array([[-1.10823681,  2.54467769,  1.3995549 , ...,  0.69363218,
         2.07861186,  0.82563875],
       [-1.29317227,  2.46574407,  1.90154098, ..., -0.91834148,
         1.92419225, -0.81375817],
       [-1.29317227,  2.46746751,  1.76651166, ..., -0.07731174,
         2.09893023, -0.01507762],
       ...,
       [-0.57938626, -1.88180933, -0.34864863, ..., -1.554505  ,
        -1.28204662, -1.48633127],
       [-0.25656031, -2.04243408, -0.3603123 , ..., -1.64615568,
        -1.46084828, -1.57040291],
       [-1.54461962,  2.35820132,  1.9055784 , ..., -1.11781649,
         0.26621322, -1.1080089 ]]), 'dual_coef': array([[ 1.9310142 ,  1.93145223,  1.93165971, ..., -0.07106618,
        -0.07158321, -0.07122275],
       [ 1.98570181,  1.98553269,  1.98549793, ..., -1.02058183,
        -1.02072745, -1.02092123],
       [ 1.87951549,  1.87957761,  1.87928569, ..., -1.6832219 ,
        -1.6832579 , -1.68361615],
       [ 1.92903434,  1.92903434,  1.9290255 , ..., -0.72477637,
        -0.72538182, -0.72552734]])}, {'dataset': 'extrasensory_dataset/0BFC35E2-4817-4865-BFA7-764742302A2D.features_labels.csv.gz', 'accuracy': 0.6906474820143885, 'model': SVC(C=200, gamma=100), 'support_vectors': array([[ 1.41342289,  2.07903868, -1.85456721, ..., -1.03112731,
        -0.62872584,  0.99730737],
       [ 1.33786411,  1.44474887,  0.34376793, ..., -0.86373259,
         0.05027729,  0.87899506],
       [ 1.43264015,  2.06813475, -1.79770115, ..., -0.39934725,
        -0.9270757 ,  0.52405813],
       ...,
       [-0.16632344,  0.16101011,  0.51096389, ...,  0.02453937,
         0.12229278,  0.12179627],
       [ 0.90372868, -1.70356259, -0.21031167, ..., -1.07972578,
         0.83987563,  1.02096984],
       [ 0.25252553,  0.20701939,  0.54401425, ..., -0.71523728,
         1.07649794,  0.76068275]]), 'dual_coef': array([[ 1.82342592,  1.82337559,  1.82340826, ..., -0.15687722,
        -0.20628444, -0.10803978],
       [ 1.91123843,  1.91128508,  1.91128752, ..., -0.82490898,
        -1.0864439 , -0.57251595],
       [ 1.79322502,  1.79342414,  1.79311973, ..., -1.08754104,
        -1.43195358, -0.74988518]])}, {'dataset': 'extrasensory_dataset/0E6184E1-90C0-48EE-B25A-F1ECB7B9714E.features_labels.csv.gz', 'accuracy': 0.7265336289726534, 'model': SVC(C=200, gamma=100), 'support_vectors': array([[ 1.94539948,  0.10796581,  0.80288807, ...,  0.12416074,
        -0.54583355, -1.21237436],
       [ 0.66366801,  0.88570046,  1.12277186, ...,  0.43489999,
        -0.10793653, -1.00471073],
       [ 0.78977897,  1.96208782,  0.61387726, ...,  0.11698559,
        -1.47404816, -0.15969647],
       ...,
       [ 1.33665635, -1.15992406,  0.84592514, ...,  0.24944992,
        -0.31920728, -1.14720333],
       [ 3.11807274, -0.00602378,  0.17872457, ...,  0.32892852,
        -1.02873813,  0.2920824 ],
       [-1.25258399,  2.12232461, -0.18293791, ...,  0.80386837,
        -0.04863246, -0.39129297]]), 'dual_coef': array([[ 1.19935093,  1.19954337,  1.19967039, ..., -1.44587758,
        -1.44598432, -1.44590918],
       [ 0.13243898,  0.13220072,  0.13232764, ..., -1.61135693,
        -1.61128523, -1.61144333],
       [ 0.55397384,  0.55397417,  0.55401756, ..., -0.30465337,
        -0.30446019, -0.30492427]])}, {'dataset': 'extrasensory_dataset/11B5EC4D-4133-4289-B475-4E737182A406.features_labels.csv.gz', 'accuracy': 0.9382470119521913, 'model': SVC(C=200, gamma=100), 'support_vectors': array([[-3.96329854e-01, -2.86498133e+00, -4.89930203e-01, ...,
         1.39649067e+00, -1.74991876e+00, -1.62111003e+00],
       [ 3.71016268e+00,  3.29143841e+00,  2.79819404e-01, ...,
         2.07441268e+00, -8.56213659e-01, -1.66730137e+00],
       [-5.93928510e+00,  1.34559184e+00,  3.92557581e-01, ...,
        -9.03387606e-01,  1.21177607e-01,  2.09448888e-01],
       ...,
       [-5.04921863e-01,  5.95884563e-01, -4.91089465e-01, ...,
         4.18274156e+00,  1.05387764e-01,  1.10745206e+00],
       [ 9.80495534e-02, -5.54448339e-02, -4.97755218e-01, ...,
        -6.49702505e-01,  4.64869851e-01,  1.55619617e-01],
       [ 1.11385414e-01, -5.91666100e-03, -4.97755218e-01, ...,
        -7.91114808e-01,  2.23811585e-01, -3.53212477e-01]]), 'dual_coef': array([[ 1.60985662,  1.60984964,  1.60986746, ..., -0.55656304,
        -1.01732531, -1.01759919],
       [ 0.25746325,  0.2572695 ,  0.2576394 , ..., -0.88919192,
        -1.62581142, -1.62723741],
       [ 0.98216509,  0.98237335,  0.98217614, ..., -0.14410636,
        -0.26332745, -0.26344546]])}, {'dataset': 'extrasensory_dataset/1DBB0F6F-1F81-4A50-9DF4-CD62ACFA4842.features_labels.csv.gz', 'accuracy': 0.6065318818040435, 'model': SVC(C=200, gamma=100), 'support_vectors': array([[-0.08777462,  0.12890676,  0.55510008, ...,  0.0959805 ,
         0.00693315, -0.30852791],
       [-0.88389345, -0.59350145,  0.5345434 , ...,  0.92967073,
        -0.07583717, -0.37220902],
       [ 1.22718883,  2.25107634, -1.47325684, ...,  0.40732778,
        -0.22482375, -0.34381069],
       ...,
       [-1.13002179,  2.26482195, -0.36554549, ..., -1.44403061,
        -0.42707123, -0.06499069],
       [ 0.1758258 , -0.55875561,  0.55539374, ...,  0.04065847,
        -0.72000619, -0.3222968 ],
       [-0.07713944,  0.77113224,  0.55480641, ...,  0.68136485,
        -0.04488827, -0.3610218 ]]), 'dual_coef': array([[ 1.90140012,  1.90159259,  1.90158148, ..., -0.09065604,
        -0.09042221, -0.09060733],
       [ 1.97099592,  1.97099619,  1.97099767, ..., -0.95540803,
        -0.95580403, -0.9553289 ],
       [ 1.89685541,  1.89683523,  1.8969416 , ..., -1.52593966,
        -1.52601001, -1.52665559],
       [ 1.90981361,  1.90979363,  1.90979277, ..., -0.93173525,
        -0.93164295, -0.93166404]])}, {'dataset': 'extrasensory_dataset/24E40C4C-A349-4F9F-93AB-01D00FB994AF.features_labels.csv.gz', 'accuracy': 0.6498371335504886, 'model': SVC(C=200, gamma=100), 'support_vectors': array([[-1.98791391,  1.24211886,  0.33068883, ..., -0.07292307,
        -0.2008152 , -0.169253  ],
       [ 1.16939389, -1.03205044,  2.20486743, ...,  0.89796639,
        -1.27815842,  0.75364191],
       [-0.18441425,  1.59492949,  2.24596643, ...,  0.63547836,
        -0.14745622,  0.50603596],
       ...,
       [ 0.37178315, -1.86064038,  2.11014708, ...,  1.1003668 ,
        -1.41028541,  0.97873823],
       [ 0.86644382,  1.47432148, -0.23185372, ...,  1.31857974,
        -0.2668787 ,  1.27136344],
       [-0.01084911,  0.0701609 , -0.62389965, ...,  0.30025268,
        -1.08759063,  0.14588184]]), 'dual_coef': array([[ 1.50153084,  1.50151956,  1.50201046, ..., -0.63105648,
        -0.63095397, -0.63090432],
       [ 0.0078125 ,  0.0078125 ,  0.0078125 , ..., -1.16243584,
        -1.1617207 , -1.16186553],
       [ 1.36901627,  1.36901772,  1.36909519, ..., -0.00292969,
        -0.00292969, -0.00292969]])}, {'dataset': 'extrasensory_dataset/27E04243-B138-4F40-A164-F40B60165CF3.features_labels.csv.gz', 'accuracy': 0.8648180242634316, 'model': SVC(C=200, gamma=100), 'support_vectors': array([[-0.43016541,  4.31400198, -1.98571439, ...,  0.02994768,
        -0.07461654,  1.10018259],
       [-0.60175638,  4.4687874 ,  0.32186342, ...,  0.0049841 ,
        -0.24685967,  0.86708751],
       [-0.18958427, -0.58999327,  0.54739682, ...,  1.73103746,
         1.90975786, -0.47679675],
       ...,
       [-0.14594945, -0.12440855,  0.54711133, ...,  0.63843499,
         0.29515748,  0.13212051],
       [-0.29513335, -0.41555256,  0.54711133, ..., -0.87899416,
        -1.26314182, -0.75992388],
       [-0.04099003,  0.92100727,  0.54625488, ..., -0.85715102,
        -1.17773595, -0.9813836 ]]), 'dual_coef': array([[ 1.53198109,  1.53195326,  0.76746433, ..., -0.91179368,
        -0.16568909, -0.91152765],
       [ 1.14752742,  1.14766573,  0.57562742, ..., -1.48749074,
        -0.26746246, -1.48711132],
       [ 1.08886822,  1.0887097 ,  0.54659707, ..., -1.08083491,
        -0.17806427, -1.0808677 ]])}, {'dataset': 'extrasensory_dataset/2C32C23E-E30C-498A-8DD2-0EFB9150A02E.features_labels.csv.gz', 'accuracy': 0.8080808080808081, 'model': SVC(C=200, gamma=100), 'support_vectors': array([[-2.72508099e-01,  1.47483349e+00, -5.84164551e-01, ...,
        -4.71172884e-01, -3.33828280e-02,  3.88084205e-02],
       [ 5.13275573e-02, -2.18187324e+00, -5.87600413e-01, ...,
        -6.19559057e-01, -2.04075774e-01, -1.67392833e-01],
       [ 1.95355768e+00,  1.72521310e+00,  2.18343357e-04, ...,
         5.62691646e-01,  8.51240137e-01,  1.86502744e-01],
       ...,
       [-1.10888064e+00, -1.68903451e-01, -5.47801676e-01, ...,
        -9.59879518e-01, -9.62711089e-01,  1.52930814e+00],
       [ 2.39354435e-02, -9.06684110e-01, -5.88459378e-01, ...,
        -9.38911907e-01, -6.19970491e-01, -5.03450931e-01],
       [-1.16670844e+00,  6.60629054e-02, -5.42934204e-01, ...,
        -4.17598852e+00, -3.38357057e+00, -2.63001719e-01]]), 'dual_coef': array([[ 1.52577073,  1.52577516,  1.52626272, ..., -1.29267827,
        -1.29276197, -0.64855436],
       [ 0.93857203,  0.93867681,  0.93864397, ..., -1.72752385,
        -1.72746948, -0.86864623],
       [ 0.70723573,  0.70722134,  0.70722696, ..., -1.23533952,
        -1.23515748, -0.62163276]])}, {'dataset': 'extrasensory_dataset/4E98F91F-4654-42EF-B908-A3389443F2E7.features_labels.csv.gz', 'accuracy': 0.6804979253112033, 'model': SVC(C=200, gamma=100), 'support_vectors': array([[-0.41686848,  1.59631697, -1.24424463, ...,  1.51985281,
        -1.14019175,  1.075317  ],
       [-0.22971838,  0.75794572,  1.07031383, ...,  1.20995006,
        -1.34538079,  0.86192522],
       [-0.48398776,  1.57197837, -1.22052028, ...,  1.21070592,
        -1.37047586,  0.8528232 ],
       ...,
       [-0.50505439,  1.55381802, -1.21843462, ...,  1.59241541,
        -1.27304796,  1.07784534],
       [-0.27332141,  0.84275639,  1.07057454, ...,  1.04290492,
        -1.5380223 ,  0.6460051 ],
       [-0.27332141,  1.47518562, -1.2757902 , ...,  0.78742411,
        -0.53643406,  0.88164626]]), 'dual_coef': array([[ 1.94283312,  1.94283068,  1.9422647 , ..., -0.05958364,
        -0.05958905, -0.05958542],
       [ 1.86863827,  1.86856643,  1.86838485, ..., -1.02125522,
        -1.02129795, -1.02134212],
       [ 1.94045433,  1.94049958,  1.94041453, ..., -0.60815215,
        -0.60858392, -0.60859063]])}, {'dataset': 'extrasensory_dataset/4FC32141-E888-4BFF-8804-12559A491D8C.features_labels.csv.gz', 'accuracy': 0.772554002541296, 'model': SVC(C=200, gamma=100), 'support_vectors': array([[ 3.44745608, -0.86388438,  0.40416225, ...,  0.81954264,
         0.96720843, -0.17453894],
       [ 2.63242002, -1.59508964,  0.31257229, ...,  0.64242278,
         0.93758852, -0.69749442],
       [ 3.1526436 , -1.06017861,  0.3129637 , ...,  0.7086502 ,
         0.90920278, -0.3223307 ],
       ...,
       [ 1.98257072,  1.50791188,  0.76504235, ...,  0.18961199,
        -0.80381516,  1.55348786],
       [-0.14994447, -0.41954225,  3.0438319 , ..., -0.61281799,
        -1.62700173,  1.4113804 ],
       [-0.15854794, -0.40327681, -0.47885891, ...,  1.44793311,
         0.55499806,  1.69559533]]), 'dual_coef': array([[ 1.91907505e+00,  1.91974032e+00,  1.91908779e+00, ...,
        -3.58198519e-02, -1.99321640e-02, -3.58660026e-02],
       [ 1.96874977e+00,  1.96818615e+00,  1.96874324e+00, ...,
        -6.01870936e-01, -2.60246686e-01, -6.01676257e-01],
       [ 1.61780502e+00,  1.61771717e+00,  1.61783062e+00, ...,
        -1.07036003e+00, -2.00000000e+02, -1.07038719e+00],
       [ 1.96408669e+00,  1.96444611e+00,  1.96393645e+00, ...,
        -1.39175922e-01, -7.66824280e-02, -1.39402017e-01]])}, {'dataset': 'extrasensory_dataset/5EF64122-B513-46AE-BCF1-E62AAC285D2C.features_labels.csv.gz', 'accuracy': 0.862992125984252, 'model': SVC(C=200, gamma=100), 'support_vectors': array([[-0.15920537, -0.92492424, -0.17387941, ...,  0.02208757,
        -0.42712919, -0.28768054],
       [-0.44836928,  6.15841527,  0.34192163, ..., -0.92085507,
         0.26546969, -0.18581719],
       [ 0.73731888, -1.12617554, -0.13982897, ..., -0.5561498 ,
         0.14730525, -0.26980978],
       ...,
       [-0.04539789,  0.16606963, -0.17387941, ...,  0.80377882,
        -0.34950292, -0.09467629],
       [-0.11043074,  0.12652552, -0.17387941, ..., -0.72432995,
        -0.3969412 , -0.24121656],
       [-0.57611238, -0.75403717, -0.16505152, ..., -0.66260091,
         0.1990561 , -0.25193902]]), 'dual_coef': array([[ 61.5257264 ,   1.76377617,   1.76378848, ...,  -0.        ,
         -0.57655496,  -0.57719897],
       [  0.91029318,   0.91077138,   0.91033634, ..., -50.5833122 ,
         -1.52173611,  -1.52155383],
       [  1.42333855,   1.42295891,   1.42363859, ...,  -0.        ,
         -0.72681458,  -0.50325314]])}, {'dataset': 'extrasensory_dataset/7D9BB102-A612-4E2A-8E22-3159752F55D8.features_labels.csv.gz', 'accuracy': 0.9416058394160584, 'model': SVC(C=200, gamma=100), 'support_vectors': array([[-0.95110189,  3.27443355,  3.49311335, ..., -1.08229938,
         1.87576468, -0.78321735],
       [-1.36182773,  3.1583122 ,  2.94860504, ...,  0.61783342,
         1.61406379,  2.24855824],
       [-3.46980234,  0.6924652 ,  3.88211839, ..., -1.02176672,
         1.66874756, -0.78017187],
       ...,
       [ 0.857973  , -0.83544727, -0.28981252, ..., -0.74519508,
         0.17080288, -0.87458175],
       [-0.0230496 , -0.09023343, -0.31498925, ...,  0.96850538,
        -0.11628691,  1.15523083],
       [-1.04098083, -1.01879676, -0.29968575, ...,  0.22750213,
         0.66100381,  0.38015611]]), 'dual_coef': array([[ 1.60755821e+00,  1.60769589e+00,  1.60784428e+00,
         1.60745332e+00,  1.60738659e+00,  1.60740108e+00,
         1.60745301e+00,  1.60780389e+00,  1.60773776e+00,
         1.60772475e+00,  1.60768773e+00,  1.60780922e+00,
         1.60772461e+00,  1.60719386e+00,  1.60781792e+00,
         1.60755074e+00,  1.60760701e+00,  1.60762514e+00,
         1.60765011e+00,  1.60697950e+00,  1.60754901e+00,
         1.60772937e+00,  1.60745369e+00,  1.60747318e+00,
         1.60745332e+00,  0.00000000e+00,  1.60747488e+00,
         1.60755710e+00,  1.60766651e+00,  1.60778404e+00,
         1.60780774e+00,  5.24024205e+01,  1.60782328e+00,
         1.60745506e+00,  1.60781220e+00,  1.60775483e+00,
         1.60783516e+00,  1.60779768e+00,  1.60773776e+00,
         1.60768205e+00,  1.60772765e+00,  1.60768936e+00,
         1.60773439e+00,  1.60755072e+00,  1.60757766e+00,
         1.16759763e+01,  1.60756299e+00,  1.60766671e+00,
         1.60782360e+00,  1.60767593e+00,  1.92899857e+00,
         1.60768654e+00,  1.60693666e+00,  1.60762864e+00,
         1.60741327e+00, -1.91597388e-02, -1.05844617e+00,
        -3.92315081e-01, -0.00000000e+00, -3.92437007e-01,
        -3.92798525e-01, -3.92985357e-01, -3.92275953e-01,
        -7.55701782e-02, -3.92992612e-01, -3.93063342e-01,
        -3.00329230e-01, -3.91165489e-01, -3.92348337e-01,
        -2.65301944e-01, -3.92525117e-01, -3.92545635e-01,
        -3.92396815e-01, -3.92333292e-01, -3.92171274e-01,
        -2.13909082e-01, -3.11875343e-01, -3.92195254e-01,
        -3.92473649e-01, -3.92159854e-01, -3.92265610e-01,
        -1.85383723e-01, -3.92545635e-01, -1.68489998e-01,
        -2.50728998e-01, -3.92193955e-01, -3.92295779e-01,
        -3.92353835e-01, -1.40239621e-02, -3.92186832e-01,
        -1.97334016e-01, -1.97170946e-01, -2.00691682e-01,
        -1.95189825e-01, -3.92275953e-01, -2.83030435e-01,
        -2.95223396e-01, -3.92202318e-01, -3.92245900e-01,
        -3.15586931e-02, -3.92530383e-01, -1.36596509e-01,
        -1.98040583e-01, -3.92215381e-01, -3.92450993e-01,
        -3.92274310e-01, -3.92176859e-01, -3.92545635e-01,
        -3.92798525e-01, -1.59771064e-01, -2.81037473e-01,
        -3.92275953e-01, -3.92330478e-01, -2.86252076e-01,
        -2.63113322e-01, -2.97920960e-01, -3.92333488e-01,
        -3.92652155e-01, -3.92172294e-01, -3.92172866e-01,
        -3.92180246e-01, -3.01614208e-01, -3.92270631e-01,
        -3.92262240e-01, -3.92939655e-01, -3.92808690e-01,
        -3.92312268e-01, -2.94501092e-01, -1.21634445e-01,
        -0.00000000e+00, -3.92259688e-01, -2.85470303e-01,
        -3.92304113e-01, -3.92141830e-01, -2.28945870e-01,
        -3.92187057e-01, -2.78003356e-01, -3.92316649e-01,
        -3.92171219e-01, -3.92176859e-01, -3.92171274e-01,
        -3.92192264e-01, -1.53052785e-01, -2.10547901e-01,
        -3.92155716e-01, -2.22632213e-01, -3.92430368e-01,
        -3.92545635e-01, -3.92669645e-01, -3.92349887e-01,
        -3.92813145e-01, -3.29865278e-01, -3.92669645e-01,
        -3.92013699e-01, -3.92299839e-01, -3.92248922e-01,
        -3.92345758e-01, -3.92215956e-01, -3.92157316e-01,
        -3.92265610e-01, -3.92259688e-01, -3.92276151e-01,
        -3.91937328e-01, -3.92313464e-01, -2.27814924e-01,
        -8.32162905e-02, -8.38055524e-02, -3.92180246e-01,
        -3.92196113e-01, -3.92262240e-01, -3.92275249e-01,
        -3.92202318e-01, -8.47031228e-02, -3.92202318e-01,
        -3.92182502e-01, -3.92257556e-01, -3.92449264e-01,
        -3.92270631e-01, -3.93020500e-01, -3.92181488e-01,
        -3.92546991e-01, -2.24008788e-01, -3.92551654e-01,
        -3.80723492e-01, -3.92535267e-01, -3.92449264e-01,
        -1.40858914e-01, -3.92333488e-01, -3.92257556e-01,
        -2.53359589e-01, -1.74589153e-01, -3.92182081e-01,
        -3.92197830e-01, -2.12566525e-01, -5.10661655e-02,
        -1.41065744e-01, -3.92190776e-01, -3.92276151e-01,
        -2.06638264e-01, -4.45846889e+00, -1.68292949e-01,
        -3.92319669e-01, -3.88036502e-01, -3.92992612e-01,
        -1.70357385e-01, -3.92141830e-01, -2.34805739e-01,
        -2.27014735e-01, -3.75388559e-01, -3.92193958e-01,
        -3.92443649e-01, -3.92658661e-01, -1.89396495e-01,
        -3.92312268e-01, -3.92526822e-01, -3.92654206e-01,
        -2.31509149e-01, -3.92275249e-01, -3.00881915e-01,
        -3.92197830e-01, -3.92449264e-01, -1.97387649e-01,
        -2.13895177e-01, -3.92894974e-01, -3.92171219e-01,
        -3.92669624e-01, -2.83657370e-01, -3.54521623e-01,
        -1.98040583e-01, -3.92141830e-01, -3.92337701e-01,
        -1.62288561e-01, -3.92196113e-01, -1.34691730e-01,
        -3.52157040e-01, -3.92275391e-01, -3.92265610e-01,
        -2.22955777e-01, -3.89644648e-01, -3.92036074e-01,
        -3.92299839e-01, -3.47587762e-01, -3.92317949e-01,
        -3.92464702e-01, -3.92272039e-01, -3.92190776e-01,
        -3.92430368e-01, -3.92201952e-01, -3.92296797e-01,
        -2.84398300e-01, -3.92232764e-01, -3.92319669e-01,
        -3.91535724e-01, -7.62291796e-02, -3.92813145e-01,
        -3.92196114e-01, -0.00000000e+00, -3.92275391e-01,
        -3.92442905e-01, -3.92539144e-01, -3.92449264e-01,
        -2.57838772e-01, -3.22372955e-01, -3.92275249e-01,
        -1.97387649e-01, -3.92274310e-01, -3.92652802e-01,
        -3.92324067e-01, -1.12638205e+01, -3.82863280e-01,
        -3.92526828e-01, -3.92798525e-01, -2.12281805e-01,
        -2.29994150e-02, -3.65288496e-01, -4.86783506e-02,
        -3.92267374e-01, -3.92272354e-01, -2.24332791e-01,
        -3.92186832e-01, -3.92195254e-01, -3.92232764e-01,
        -3.30817611e-01, -3.92464702e-01, -2.49999255e-01,
        -4.93437798e-02, -2.08729621e-01, -3.92224786e-01,
        -2.44726678e-01, -2.92407074e-01, -3.92806140e-01,
        -2.10545955e-01, -0.00000000e+00, -1.37723674e-01,
        -3.93031783e-01, -2.24825507e-01, -4.84279720e+01,
        -1.95403048e-01, -3.92663731e-01, -1.88828766e-01,
        -3.52149983e-01, -1.86274877e-01, -3.92333488e-01,
        -3.92141830e-01, -3.57386588e-01, -9.49797372e-02,
        -3.92312268e-01, -3.62185985e-01, -3.92457973e-01,
        -3.92441786e-01, -3.92315081e-01, -3.92316649e-01,
        -5.19036973e-02, -0.00000000e+00, -3.93064003e-01,
        -3.92202811e-01, -0.00000000e+00, -3.92353835e-01,
        -0.00000000e+00, -1.96386714e+00],
       [ 3.71093750e-02,  3.71093750e-02,  3.71093750e-02,
         3.71093750e-02,  3.71093750e-02,  3.71093750e-02,
         3.61328125e-02,  3.61328126e-02,  3.61328126e-02,
         3.61328125e-02,  3.71093750e-02,  3.71093750e-02,
         3.71093750e-02,  3.71093750e-02,  3.71093750e-02,
         3.71093750e-02,  3.61324822e-02,  3.61328125e-02,
         3.71093750e-02,  3.71093750e-02,  3.71093750e-02,
         3.61328125e-02,  3.71093750e-02,  3.71093750e-02,
         3.71093750e-02,  1.85042613e-02,  3.71093750e-02,
         3.71093750e-02,  3.71093750e-02,  3.65270808e-02,
         3.64766546e-02,  1.85042613e-02,  3.61328565e-02,
         3.61325100e-02,  3.61328125e-02,  3.61328125e-02,
         3.61328125e-02,  3.65270808e-02,  3.61329115e-02,
         3.61328565e-02,  3.61328125e-02,  3.61328565e-02,
         3.61328126e-02,  3.61328123e-02,  3.61328125e-02,
         3.11950363e-02,  3.61328125e-02,  3.61328125e-02,
         3.61328125e-02,  3.61329170e-02,  3.12500000e-02,
         3.61329115e-02,  3.61328786e-02,  3.61328565e-02,
         3.61328565e-02,  5.80742115e-03,  6.17364221e-03,
         9.68464185e-03,  4.77533945e-03,  9.70370977e-03,
         9.70588052e-03,  9.70914959e-03,  9.48791451e-03,
         5.84000076e-03,  9.71329162e-03,  9.71476126e-03,
         7.12972152e-03,  8.81155292e-03,  8.88640263e-03,
         6.38418575e-03,  9.74498210e-03,  9.74655338e-03,
         9.74675945e-03,  9.74998283e-03,  9.75155305e-03,
         4.54590492e-03,  7.42282084e-03,  9.75636374e-03,
         9.75723448e-03,  9.75996139e-03,  9.76361046e-03,
         4.00797747e-03,  9.76402976e-03,  1.04992160e-03,
         5.97800621e-03,  9.38536905e-03,  9.76543877e-03,
         9.76552243e-03,  0.00000000e+00,  9.76558895e-03,
         3.91757721e-03,  3.90944048e-03,  4.63474082e-03,
         5.85937630e-03,  9.76560858e-03,  6.31362601e-03,
         0.00000000e+00,  9.76562370e-03,  9.76562500e-03,
         0.00000000e+00,  9.76562500e-03,  0.00000000e+00,
         3.93753435e-03,  9.76562500e-03,  9.76562500e-03,
         9.76562500e-03,  9.76562500e-03,  9.76562500e-03,
         9.76562500e-03,  3.94398110e-03,  6.36690320e-03,
         9.76562500e-03,  9.76562500e-03,  6.71100834e-03,
         5.90702353e-03,  7.23500370e-03,  9.76562500e-03,
         9.76562500e-03,  9.76562500e-03,  9.76562500e-03,
         9.76562500e-03,  7.81250000e-03,  9.76562500e-03,
         9.76562500e-03,  9.76562500e-03,  9.76562500e-03,
         9.76562500e-03,  0.00000000e+00,  3.92303104e-03,
         6.04767873e-03,  9.76562500e-03,  6.45410838e-03,
         9.25150615e-03,  9.24447639e-03,  4.84487639e-03,
         9.24447639e-03,  3.39161350e-03,  9.50720767e-03,
         9.23280474e-03,  9.21279338e-03,  9.21210758e-03,
         9.21082671e-03,  7.81246429e-03,  4.30370280e-03,
         9.20676185e-03,  4.73908296e-03,  9.19446411e-03,
         9.19392015e-03,  9.17050423e-03,  9.16561377e-03,
         9.15962913e-03,  7.68821181e-03,  9.76402976e-03,
         8.99470791e-03,  9.56689860e-03,  9.75996139e-03,
         9.40143007e-03,  9.75723448e-03,  9.75155305e-03,
         9.74998283e-03,  9.74675945e-03,  9.74655338e-03,
         8.96798895e-03,  9.71476126e-03,  5.22156011e-03,
         8.37106716e-04,  0.00000000e+00,  9.70588052e-03,
         9.68464185e-03,  9.64676891e-03,  9.56689860e-03,
         9.50720767e-03,  9.14106960e-04,  9.49375819e-03,
         9.44579754e-03,  9.43350524e-03,  9.40143013e-03,
         9.43350524e-03,  9.38536912e-03,  9.33108037e-03,
         9.29631190e-03,  0.00000000e+00,  9.12361950e-03,
         8.62125537e-03,  9.02917367e-03,  9.02358471e-03,
         1.92179960e-03,  8.97369228e-03,  9.71797647e-03,
         0.00000000e+00,  4.79011613e-03,  9.64699379e-03,
         9.56321729e-03,  0.00000000e+00,  5.96701428e-03,
         0.00000000e+00,  9.45135779e-03,  9.31137399e-03,
         4.91915504e-03,  0.00000000e+00,  6.46792268e-04,
         9.10281172e-03,  8.75003681e-03,  9.02809874e-03,
         0.00000000e+00,  9.24447639e-03,  5.85792396e-03,
         5.49064494e-03,  8.50566776e-03,  9.20676185e-03,
         9.19392015e-03,  9.15962913e-03,  4.06821630e-03,
         9.01147837e-03,  8.99759181e-03,  8.88946813e-03,
         4.70370094e-03,  8.88215500e-03,  6.88330997e-03,
         9.44579754e-03,  8.85176419e-03,  3.94439325e-03,
         5.91170838e-03,  8.84064964e-03,  8.83681396e-03,
         8.83735646e-03,  6.97710129e-03,  8.15989367e-03,
         4.96172466e-03,  8.83242152e-03,  8.84681815e-03,
         4.44783858e-03,  8.87619051e-03,  6.85701371e-04,
         8.12181490e-03,  8.88032351e-03,  8.88013272e-03,
         7.81249981e-03,  8.77966177e-03,  9.02034237e-03,
         8.88419654e-03,  7.86993699e-03,  8.93593095e-03,
         8.93514209e-03,  9.02458505e-03,  9.02917367e-03,
         9.12361950e-03,  9.49375819e-03,  9.17090013e-03,
         6.60197461e-03,  9.24081397e-03,  9.29175891e-03,
         8.81572167e-03,  4.63463981e-03,  9.29421161e-03,
         9.29631190e-03,  6.60937731e-03,  9.33108037e-03,
         9.43260600e-03,  9.64676891e-03,  9.64790691e-03,
         5.85941105e-03,  7.51853000e-03,  9.11639937e-03,
         5.85956123e-03,  9.08766303e-03,  9.11883273e-03,
         9.07622114e-03,  8.26888765e-03,  8.67439241e-03,
         8.89454055e-03,  8.84064964e-03,  4.42308467e-03,
         0.00000000e+00,  8.36276558e-03,  0.00000000e+00,
         8.83681396e-03,  8.83608533e-03,  5.39357292e-03,
         8.83692084e-03,  8.84681815e-03,  8.88032351e-03,
         7.69218855e-03,  8.88013272e-03,  6.84532952e-03,
         4.07996618e-03,  5.14829325e-03,  8.93514209e-03,
         7.81250000e-03,  0.00000000e+00,  9.29421161e-03,
         5.82393242e-03,  5.37921069e-03,  0.00000000e+00,
         9.01454817e-03,  4.57048952e-03,  6.13708549e-03,
         5.85939142e-03,  9.01147837e-03,  5.86138954e-03,
         8.32661885e-03,  3.93439390e-03,  9.01147837e-03,
         9.00117272e-03,  8.38366089e-03,  5.19029670e-03,
         8.99759181e-03,  8.41251123e-03,  8.96705474e-03,
         8.92851828e-03,  8.90373259e-03,  8.88946813e-03,
         3.36982238e-03,  5.91585041e-03,  8.88627224e-03,
         8.88215500e-03,  5.89070040e-03,  8.87162153e-03,
         7.81250000e-03, -1.99114848e+00]])}, {'dataset': 'extrasensory_dataset/9DC38D04-E82E-4F29-AB52-B476535226F2.features_labels.csv.gz', 'accuracy': 0.7836122331217542, 'model': SVC(C=200, gamma=100), 'support_vectors': array([[-0.79985434, -1.05801176,  2.06667774, ...,  0.68159555,
         0.04474135,  1.11630972],
       [-0.79801706, -1.05577712,  2.06728858, ...,  0.68108172,
         0.04359343,  1.11454221],
       [-0.80720349, -1.06343872,  2.06545605, ...,  0.68210939,
         0.04703719,  1.11630972],
       ...,
       [ 0.6019945 ,  2.21508806,  1.8247835 , ...,  0.60965863,
         0.22611261,  0.8865334 ],
       [-3.37572863,  0.22275255,  1.01083383, ...,  0.47040931,
         0.12394779,  0.54010141],
       [ 0.12384095, -0.15426206, -0.61523297, ...,  0.14206866,
        -0.42590559, -0.14215751]]), 'dual_coef': array([[ 2.00000000e+02,  2.00000000e+02,  1.72994480e+01, ...,
        -8.51111621e-03, -8.51171277e-03, -6.24975454e-03],
       [ 0.00000000e+00,  0.00000000e+00,  0.00000000e+00, ...,
        -5.04874538e-01, -5.04592761e-01, -0.00000000e+00],
       [ 0.00000000e+00,  0.00000000e+00,  0.00000000e+00, ...,
        -1.27286937e+00, -1.27286316e+00, -0.00000000e+00],
       [ 0.00000000e+00,  0.00000000e+00,  0.00000000e+00, ...,
        -1.56919112e-01, -1.56250000e-01, -0.00000000e+00]])}]